0 0 0
0 2 4
0 4 8
0 6 12
0 8 16
0 10 20
0 12 24
0 14 28
0 16 32
0 18 36
0 20 40
0 22 44
0 24 48
0 26 52
0 28 56
0 30 60
0 32 64
0 34 68
0 36 72
0 38 76
0 40 80
0 42 84
0 44 88
0 46 92
0 48 96
0 50 100
0 52 104
0 54 108
0 56 112
0 58 116
0 60 120
0 62 124
0 64 128
0 66 132
0 68 136
0 70 140
0 72 144
0 74 148
0 76 152
0 78 156
0 80 160
0 82 164
0 84 169
0 86 173
0 88 177
0 90 181
0 92 185
0 94 189
0 96 193
0 98 197
0 100 201
0 102 205
0 104 209
0 106 213
0 108 217
0 110 221
0 112 225
0 114 229
0 116 233
0 118 237
0 120 241
0 122 245
0 124 249
0 126 253
0 128 255
1 129 252
2 130 249
3 131 246
4 132 243
5 133 240
6 134 237
7 135 234
8 137 231
9 138 228
10 139 225
11 140 222
12 141 219
13 142 216
14 143 213
15 144 210
16 145 207
17 146 204
18 147 201
19 149 198
20 150 195
21 151 192
22 152 189
23 153 186
24 154 183
25 155 180
26 156 177
27 157 174
28 158 171
29 159 168
30 161 165
31 162 162
32 163 159
33 164 156
34 165 153
35 166 150
36 167 147
37 168 144
38 169 141
39 170 138
40 171 135
41 172 132
42 174 129
43 175 126
44 176 123
45 177 120
46 178 117
47 179 114
48 180 111
49 181 108
50 182 105
51 183 102
52 185 99
53 186 96
54 187 93
55 188 90
56 189 87
57 190 84
58 191 81
59 192 78
60 193 75
61 194 72
62 195 69
63 196 66
64 197 64
66 195 63
69 194 62
71 193 61
73 192 60
75 191 59
77 190 58
79 189 57
81 188 56
83 187 55
85 186 54
87 185 53
89 184 52
91 183 51
93 182 50
95 181 49
97 180 48
99 179 47
101 178 46
104 177 45
106 176 44
108 175 43
110 174 42
112 173 41
114 172 40
116 170 39
118 169 38
120 168 37
122 167 36
124 166 35
126 165 34
128 164 33
130 163 32
132 162 31
134 161 30
137 160 29
139 159 28
141 158 27
143 157 26
145 156 25
147 155 24
149 154 23
151 153 22
153 152 21
155 151 20
157 150 19
159 149 18
161 148 17
163 146 16
165 145 15
167 144 13
169 143 12
172 142 11
174 141 10
176 140 9
178 139 8
180 138 7
182 137 6
184 136 5
186 135 4
188 134 3
190 133 2
192 132 1
194 131 0
195 129 0
196 127 0
197 125 0
198 123 0
199 121 0
200 119 0
201 117 0
202 115 0
203 113 0
204 111 0
205 109 0
206 107 0
207 104 0
208 102 0
209 100 0
210 98 0
211 96 0
212 94 0
213 92 0
214 90 0
215 88 0
216 86 0
217 84 0
217 82 0
218 80 0
219 78 0
220 76 0
221 74 0
222 72 0
223 70 0
224 68 0
225 66 0
226 64 0
227 61 0
228 59 0
229 57 0
230 55 0
231 53 0
232 51 0
233 49 0
234 47 0
235 45 0
236 43 0
237 41 0
238 39 0
239 37 0
239 35 0
240 33 0
241 31 0
242 29 0
243 27 0
244 25 0
245 23 0
246 20 0
247 18 0
248 16 0
249 14 0
250 12 0
251 10 0
252 8 0
253 6 0
254 4 0
255 2 0
255 0 0