0 0 0 
0 0 3 
0 0 5 
0 0 8 
0 0 11 
0 0 14 
0 0 16 
0 0 19 
0 0 22 
0 0 24 
0 0 27 
0 0 30 
0 0 33 
0 0 35 
0 0 38 
0 0 41 
0 0 43 
0 0 46 
0 0 49 
0 0 52 
0 0 54 
0 0 57 
0 0 60 
0 0 62 
0 0 65 
0 0 68 
0 0 71 
0 0 73 
0 0 76 
0 0 79 
0 0 81 
0 0 84 
0 0 87 
0 0 90 
0 0 92 
0 0 95 
0 0 98 
0 0 100 
0 0 103 
0 0 106 
0 0 109 
0 0 111 
0 0 114 
0 0 117 
0 0 119 
0 0 122 
0 0 125 
0 0 128 
0 0 130 
0 0 133 
0 0 136 
0 0 138 
0 0 141 
0 0 144 
0 0 147 
0 0 149 
0 0 152 
0 0 155 
0 0 157 
0 0 160 
0 0 163 
0 0 166 
0 0 168 
0 0 171 
1 1 173 
4 3 173 
8 5 174 
11 8 174 
14 10 174 
18 12 174 
21 15 175 
25 17 175 
28 20 175 
32 22 175 
35 24 176 
38 27 176 
42 29 176 
45 31 176 
49 34 177 
52 36 177 
55 39 177 
59 41 177 
62 43 178 
66 46 178 
69 48 178 
72 50 179 
76 53 179 
79 55 179 
83 58 179 
86 60 180 
89 62 180 
93 65 180 
96 67 180 
100 69 181 
103 72 181 
106 74 181 
110 77 181 
113 79 182 
117 81 182 
120 84 182 
123 86 182 
127 88 183 
130 91 183 
134 93 183 
137 96 183 
140 98 184 
144 100 184 
147 103 184 
151 105 184 
154 108 185 
158 110 185 
161 112 185 
164 115 185 
168 117 186 
171 119 186 
175 122 186 
178 124 186 
181 127 187 
185 129 187 
188 131 187 
192 134 187 
195 136 188 
198 138 188 
202 141 188 
205 143 188 
209 146 189 
212 148 189 
215 150 189 
217 152 189 
218 153 189 
218 155 188 
218 156 188 
219 157 187 
219 159 187 
219 160 186 
220 161 186 
220 162 185 
220 164 184 
220 165 184 
221 166 183 
221 168 183 
221 169 182 
222 170 182 
222 172 181 
222 173 181 
223 174 180 
223 175 180 
223 177 179 
224 178 179 
224 179 178 
224 181 178 
225 182 177 
225 183 177 
225 185 176 
225 186 176 
226 187 175 
226 188 175 
226 190 174 
227 191 174 
227 192 173 
227 194 173 
228 195 172 
228 196 172 
228 197 171 
229 199 171 
229 200 170 
229 201 170 
230 203 169 
230 204 169 
230 205 168 
231 207 168 
231 208 167 
231 209 167 
231 210 166 
232 212 166 
232 213 165 
232 214 165 
233 216 164 
233 217 164 
233 218 163 
234 220 163 
234 221 162 
234 222 162 
235 223 161 
235 225 161 
235 226 160 
236 227 160 
236 229 159 
236 230 159 
237 231 158 
237 233 158 
237 234 157 
237 231 155 
238 228 153 
238 224 150 
238 220 148 
239 217 145 
239 213 143 
239 209 140 
239 206 138 
240 202 135 
240 198 133 
240 195 130 
241 191 128 
241 187 125 
241 184 123 
241 180 121 
242 176 118 
242 173 116 
242 169 113 
242 165 111 
243 162 108 
243 158 106 
243 154 103 
244 151 101 
244 147 98 
244 143 96 
244 140 94 
245 136 91 
245 132 89 
245 129 86 
246 125 84 
246 121 81 
246 118 79 
246 114 76 
247 110 74 
247 107 71 
247 103 69 
247 99 66 
248 95 64 
248 92 62 
248 88 59 
249 84 57 
249 81 54 
249 77 52 
249 73 49 
250 70 47 
250 66 44 
250 62 42 
251 59 39 
251 55 37 
251 51 34 
251 48 32 
252 44 30 
252 40 27 
252 37 25 
252 33 22 
253 29 20 
253 26 17 
253 22 15 
254 18 12 
254 15 10 
254 11 7 
254 7 5 
255 4 2 
255 0 0